0 SISTA_Robot
0 Author: LEGO Digital Designer 4.2
1 151 269.999969482421875 31.5444049835205078125 99.99993133544921875 0 0 1 0 -1 0 1 0 0 53787.dat
1 47 36.913509368896484375 -9.87008571624755859375 99.575927734375 0 0 -1.00000011920928955078125 0 -1 0 -1.00000011920928955078125 0 0 x933c01.dat
1 47 51.26166534423828125 -180.3135223388671875 -37.2990570068359375 0 0.2721817493438720703125 -0.962245881557464599609375 0 -0.962245881557464599609375 -0.2721817493438720703125 -1 0 0 x933c01.dat
1 151 113.926055908203125 -100.4672393798828125 120.00003814697265625 0.77591097354888916015625 0 0.63084256649017333984375 -0.63084256649017333984375 0 0.775910913944244384765625 0 -1 0 152.dat
1 0 230.0194091796875 -7.956254482269287109375 110.00005340576171875 0 0.039126060903072357177734375 0.99923431873321533203125 0 0.99923419952392578125 -0.039126060903072357177734375 -1 0 0 3705.dat
1 1 113.92608642578125 -100.46723175048828125 130.000030517578125 0 -0.7759110927581787109375 0.6308422088623046875 0 0.6308422088623046875 0.7759110927581787109375 -1 0 0 43093.dat
1 151 249.9998779296875 -7.956156253814697265625 80.0000457763671875 0 0 1 -0.999999940395355224609375 0 0 0 -0.999999940395355224609375 0 32524.dat
1 72 189.999847412109375 -8.955730438232421875 140.000030517578125 0 0 1 1 0 0 0 1 0 32526.dat
1 71 134.8872528076171875 -92.02234649658203125 140.0000152587890625 0.7618763446807861328125 -0.6477229595184326171875 0 -0.6477229595184326171875 -0.76187598705291748046875 0 0 0 -1 32291.dat
1 4 134.887237548828125 -92.02231597900390625 139.5000152587890625 -0.761875808238983154296875 0 -0.64772307872772216796875 0.64772307872772216796875 0 -0.761875927448272705078125 0 -1.00000011920928955078125 0 32062.dat
1 71 134.8872833251953125 -92.02233123779296875 139.9999542236328125 -0.761875629425048828125 0 -0.64772331714630126953125 0.64772331714630126953125 0 -0.76187574863433837890625 0 -1.00000011920928955078125 0 41678.dat
1 72 270.000030517578125 31.5440654754638671875 130 0 0 -1.00000011920928955078125 0 -1 0 -1.00000011920928955078125 0 0 55013.dat
1 71 270 32.043994903564453125 156.9999847412109375 1 0 0 0 1 0 0 0 1 32123.dat
1 71 270.000030517578125 31.544033050537109375 182.0000152587890625 0 1 0 -1 0 0 0 0 0.999999940395355224609375 56145.dat
1 71 270.000030517578125 32.044036865234375 195.9999847412109375 -1 0 0 0 1 0 0 0 -1 3713.dat
1 1 209.999847412109375 -7.955745697021484375 100.0000457763671875 0 0 1 0 0.999999940395355224609375 0 -1 0 0 6558.dat
1 151 369.99993896484375 31.54402923583984375 19.999980926513671875 0 0 1 0 -1 0 1 0 0 53787.dat
1 1 349.999969482421875 31.0437030792236328125 -10.000019073486328125 0 0 -0.999999940395355224609375 0 -1 0 -0.999999940395355224609375 0 0 43093.dat
1 71 510 31.0436840057373046875 -20.000003814697265625 0 0 1 0.999999940395355224609375 0 0 0 0.999999940395355224609375 0 32009.dat
1 0 510 112.04369354248046875 23.9999542236328125 0 0 1 0 1 0 -1 0 0 3708.dat
1 1 350 32.04370880126953125 49.999958038330078125 0 0 -1 0 0.999999940395355224609375 0 1 0 0 43093.dat
1 71 509.99993896484375 31.04370880126953125 60.0000152587890625 0 0 1 0.999999940395355224609375 0 0 0 0.999999940395355224609375 0 32009.dat
1 72 509.99993896484375 31.043704986572265625 -100.00002288818359375 0 0 1 0.999999940395355224609375 0 0 0 0.999999940395355224609375 0 32009.dat
1 72 510 31.04369354248046875 140.0000152587890625 0 0 1 0.999999940395355224609375 0 0 0 0.999999940395355224609375 0 32009.dat
1 0 390 32.04370880126953125 49.999969482421875 0 0 1 0 1 0 -1 0 0 2780.dat
1 0 139.547698974609375 -69.2462005615234375 130.0000457763671875 0 0 1 0 1 0 -1 0 0 2780.dat
1 0 229.999969482421875 52.044017791748046875 49.999988555908203125 0 0 1 0 1 0 -1 0 0 2780.dat
1 1 209.999969482421875 51.0440826416015625 49.99999237060546875 0 0 0.999999940395355224609375 0 -1 0 0.999999940395355224609375 0 0 43093.dat
1 25 209.999969482421875 52.044063568115234375 59.9999847412109375 0 0 1 -1 0 0 0 -1 0 32140.dat
1 47 136.913482666015625 -9.8704433441162109375 19.5759735107421875 0 0 -1.00000011920928955078125 0 -1 0 -1.00000011920928955078125 0 0 x933c01.dat
1 47 51.26166534423828125 -180.3135223388671875 38.7009429931640625 0 0.2721817493438720703125 -0.962245881557464599609375 0 -0.962245881557464599609375 -0.2721817493438720703125 -1 0 0 x933c01.dat
1 1 209.999969482421875 52.044010162353515625 -9.99999523162841796875 0 0 1 0 1 0 -1 0 0 43093.dat
1 25 209.999969482421875 52.044010162353515625 -19.999996185302734375 0 0 1 -1 0 0 0 -1 0 32140.dat
1 0 229.999969482421875 52.04396820068359375 -10.000003814697265625 0 0 1 0 1 0 -1 0 0 2780.dat
1 0 59.9999542236328125 32.04461669921875 120.00000762939453125 -1 0 0 0 1 0 0 0 -1 2780.dat
1 151 49.9998931884765625 32.044704437255859375 20.000003814697265625 0 1 0 -1 0 0 0 0 0.999999940395355224609375 41239.dat
1 0 39.9998779296875 31.0442028045654296875 39.99999237060546875 1 0 0 0 -1 0 0 0 -1 2780.dat
1 0 59.999950408935546875 32.04450225830078125 79.99999237060546875 -1 0 0 0 1 0 0 0 -1 2780.dat
1 0 59.99987030029296875 32.0440826416015625 -39.999996185302734375 -1 0 0 0 1 0 0 0 -1 2780.dat
1 0 59.9998779296875 32.04398345947265625 -80.00000762939453125 -1 0 0 0 1 0 0 0 -1 2780.dat
1 151 269.99981689453125 31.543964385986328125 -60.000026702880859375 0 0 1 0 -1 0 1 0 0 53787.dat
1 47 36.91335296630859375 -9.87050914764404296875 -60.42401885986328125 0 0 -1.00000011920928955078125 0 -1 0 -1.00000011920928955078125 0 0 x933c01.dat
1 47 51.26166534423828125 -180.3134765625 0.70090520381927490234375 0 0.2721817493438720703125 -0.962245881557464599609375 0 -0.962245881557464599609375 -0.2721817493438720703125 -1 0 0 x933c01.dat
1 151 113.9261474609375 -100.46747589111328125 -80.00000762939453125 0.7759110927581787109375 0 0.63084256649017333984375 -0.630842626094818115234375 0 0.77591097354888916015625 0 -1.00000011920928955078125 0 152.dat
1 0 230.0041656494140625 -8.7389583587646484375 -72.0000152587890625 0 0.039125807583332061767578125 0.99923431873321533203125 0 0.99923419952392578125 -0.039125807583332061767578125 -1 0 0 3705.dat
1 1 114.6295318603515625 -100.3949432373046875 -90 0 0.63084161281585693359375 -0.775911808013916015625 0 0.775911986827850341796875 0.63084161281585693359375 1.00000011920928955078125 0 0 43093.dat
1 151 249.9998626708984375 -8.95619678497314453125 -39.9999542236328125 0 0 0.999999940395355224609375 1 0 0 0 0.999999940395355224609375 0 32524.dat
1 72 189.9998931884765625 -8.955963134765625 -99.9999542236328125 0 0 1 1 0 0 0 1 0 32526.dat
1 71 134.89678955078125 -92.0449066162109375 -100.0000152587890625 0.76117420196533203125 -0.64854729175567626953125 0 -0.64854729175567626953125 -0.76117432117462158203125 0 0 0 -1 32291.dat
1 4 134.8968048095703125 -92.04488372802734375 -100.5 -0.76117432117462158203125 0 -0.6485474109649658203125 0.6485474109649658203125 0 -0.761174380779266357421875 0 -1.00000011920928955078125 0 32062.dat
1 71 134.896820068359375 -92.04486846923828125 -100.00002288818359375 -0.76117408275604248046875 0 -0.648547649383544921875 0.648547649383544921875 0 -0.76117420196533203125 0 -1.00000011920928955078125 0 41678.dat
1 72 269.99981689453125 31.5440616607666015625 -90.0000152587890625 0 0 -1 0 0.999999940395355224609375 0 1 0 0 55013.dat
1 71 269.999847412109375 32.0440216064453125 -115.00000762939453125 1 0 0 0 1 0 0 0 1 32123.dat
1 71 269.999847412109375 31.5440387725830078125 -139.999969482421875 0 -1 0 -1 0 0 0 0 -1 56145.dat
1 71 269.99981689453125 32.0440521240234375 -150.0000152587890625 -1 0 0 0 1 0 0 0 -1 3713.dat
1 1 209.9333953857421875 -7.96044826507568359375 -60.00000762939453125 0 -0.133046209812164306640625 -0.9911098480224609375 0 0.9911098480224609375 -0.133046209812164306640625 1 0 0 6558.dat
1 0 139.5478057861328125 -69.246429443359375 -90.0000152587890625 0 0 1 0 1 0 -1 0 0 2780.dat
1 0 190.015228271484375 -7.1734943389892578125 -90.0000152587890625 0 0 1 0 1 0 -1 0 0 2780.dat
1 71 309.916900634765625 -7.9630908966064453125 22.0000152587890625 0 -0.16589505970478057861328125 0.98614346981048583984375 0 0.986143529415130615234375 0.16589505970478057861328125 -1 0 0 60485.dat
1 71 309.916900634765625 -7.963169574737548828125 100.00003814697265625 -0.986143410205841064453125 -0.165895044803619384765625 0 -0.165895044803619384765625 0.9861433506011962890625 0 0 0 -1 3713.dat
1 71 309.91693115234375 -7.96308612823486328125 -59.99997711181640625 -0.986143410205841064453125 -0.165895044803619384765625 0 -0.165895044803619384765625 0.9861433506011962890625 0 0 0 -1 3713.dat
1 71 289.9998779296875 -8.45614910125732421875 -19.9999542236328125 0 1 0 -1 0 0 0 0 0.999999940395355224609375 42003.dat
1 1 269.99981689453125 -18.45630645751953125 -19.4999523162841796875 0 0 1.00000011920928955078125 1 0 0 0 1 0 43093.dat
1 151 270.499847412109375 -28.4559459686279296875 19.9990386962890625 -1 0 0 0 1 0 0 0 -1 32525.dat
1 71 270.624847412109375 -8.45595073699951171875 119.99900054931640625 0 -1 0 -1 0 0 0 0 -1 6536.dat
1 1 269.999847412109375 -18.45595550537109375 120.49900054931640625 0 0 1 1 0 0 0 1 0 43093.dat
1 1 249.9998626708984375 -8.9558544158935546875 120.000030517578125 0 0 -1.00000011920928955078125 0 -1 0 -1.00000011920928955078125 0 0 6558.dat
1 71 270.6248779296875 -8.45601749420166015625 -80.0010223388671875 0 -1 0 -1 0 0 0 0 -1 6536.dat
1 1 269.9998779296875 -18.4560222625732421875 -79.5010223388671875 0 0 1 1 0 0 0 1 0 43093.dat
1 1 249.9998779296875 -8.95600986480712890625 -80.00002288818359375 0 0 -1.00000011920928955078125 0 -1 0 -1.00000011920928955078125 0 0 6558.dat
1 71 289.9998779296875 -8.455837249755859375 60.000030517578125 2.8133392333984375E-05 1.00000011920928955078125 0 1.00000011920928955078125 -2.7835369110107421875E-05 0 0 0 -1 42003.dat
1 1 270.000152587890625 -18.4552707672119140625 60.50003814697265625 0 0 1.00000011920928955078125 1 0 0 0 1 0 43093.dat
1 1 289.9998779296875 -7.9560375213623046875 60.00003814697265625 0 1.16382307169260457158088684082E-05 -1 0 0.999999940395355224609375 1.16382307169260457158088684082E-05 1 0 0 6558.dat
1 151 349.999847412109375 -7.956089019775390625 40.000034332275390625 0 0 -1.00000011920928955078125 -1.00000011920928955078125 0 0 0 1.00000011920928955078125 0 32524.dat
1 1 409.999847412109375 -7.95620822906494140625 20.000011444091796875 0 0 -1 0 0.999999940395355224609375 0 1 0 0 6558.dat
1 151 390.06866455078125 -10.11429500579833984375 19.9999980926513671875 0 -0.082904092967510223388671875 -0.996557533740997314453125 0 0.99655759334564208984375 -0.082904092967510223388671875 1 0 0 64892.dat
1 47 371.694183349609375 -48.57703399658203125 20.3045330047607421875 0 -0.08290396630764007568359375 -0.996557533740997314453125 0 0.9965574741363525390625 -0.08290396630764007568359375 0.999999940395355224609375 0 0 x933c01.dat
1 47 303.99371337890625 -108.7266082763671875 77.823974609375 0 0.27218115329742431640625 0.962246119976043701171875 0 -0.96224606037139892578125 0.27218115329742431640625 1.00000011920928955078125 0 0 x933c01.dat
1 151 349.999847412109375 -7.956205844879150390625 3.50177288055419921875E-05 0 0 -1.00000011920928955078125 -1.00000011920928955078125 0 0 0 1.00000011920928955078125 0 32524.dat
1 1 349.999847412109375 -7.9562244415283203125 20.000019073486328125 0 0 -1 0 0.999999940395355224609375 0 1 0 0 6558.dat
1 1 329.9998779296875 -7.9562015533447265625 20.0000247955322265625 0 0 -1 0 0.999999940395355224609375 0 1 0 0 6558.dat
1 1 289.9998779296875 -8.9562397003173828125 -19.999969482421875 0 0 -1.00000011920928955078125 0 -1 0 -1.00000011920928955078125 0 0 6558.dat
1 0 109.99987030029296875 52.0439910888671875 -30.0000133514404296875 0 0 1 0 1 0 -1 0 0 2780.dat
1 72 109.99988555908203125 52.0439910888671875 -20.0000133514404296875 0 0 -1 -0.999999940395355224609375 0 0 0 0.999999940395355224609375 0 32526.dat
1 72 29.9998798370361328125 31.5439739227294921875 -90 0 0 -1 0 0.999999940395355224609375 0 1 0 0 55013.dat
1 71 29.9998760223388671875 31.5439739227294921875 -139.999969482421875 0 -1 0 -1 0 0 0 0 -1 56145.dat
1 71 29.999881744384765625 32.043972015380859375 -150 -1 0 0 0 1 0 0 0 -1 3713.dat
1 71 29.9998722076416015625 32.04396820068359375 -115.00000762939453125 1 0 0 0 1 0 0 0 1 32123.dat
1 72 109.99988555908203125 52.0439910888671875 -100.0000152587890625 0 0 -1 -0.999999940395355224609375 0 0 0 0.999999940395355224609375 0 32526.dat
1 0 109.99987030029296875 52.0439910888671875 -90.0000152587890625 0 0 1 0 1 0 -1 0 0 2780.dat
1 0 89.99987030029296875 52.0439910888671875 -90.0000152587890625 0 0 1 0 1 0 -1 0 0 2780.dat
1 0 89.99987030029296875 52.0439910888671875 -30.0000133514404296875 0 0 1 0 1 0 -1 0 0 2780.dat
1 0 155.098907470703125 -82.98259735107421875 -90.0000152587890625 0 -0.76117432117462158203125 -0.648547470569610595703125 0 0.64854753017425537109375 -0.761174380779266357421875 1.00000011920928955078125 0 0 2780.dat
1 71 168.0698699951171875 -67.75914764404296875 -79.99999237060546875 0.761174142360687255859375 0 -0.6485474109649658203125 -0.6485474109649658203125 0 -0.76117420196533203125 0 1 0 32348.dat
1 71 133.5532073974609375 -132.9404144287109375 -79.99997711181640625 0 -0.76117432117462158203125 -0.648547470569610595703125 0 0.64854753017425537109375 -0.761174380779266357421875 1.00000011920928955078125 0 0 32054.dat
1 151 157.760345458984375 -74.83414459228515625 19.999874114990234375 0 -0.272182285785675048828125 -0.962245762348175048828125 0 0.9622457027435302734375 -0.272182285785675048828125 1 0 0 53788.dat
1 47 303.993682861328125 -108.72664642333984375 -36.17608642578125 0 0.2721808254718780517578125 0.9622461795806884765625 0 -0.962246119976043701171875 0.2721808254718780517578125 1 0 0 x933c01.dat
1 47 269.73455810546875 -257.7388916015625 20.3739376068115234375 0 -0.26651942729949951171875 -0.963829576969146728515625 0 0.96382963657379150390625 -0.26651942729949951171875 1 0 0 x933c01.dat
1 47 303.99371337890625 -108.72657012939453125 1.8239252567291259765625 0 0.27218115329742431640625 0.962246119976043701171875 0 -0.96224606037139892578125 0.27218115329742431640625 1.00000011920928955078125 0 0 x933c01.dat
1 47 -88.5001983642578125 -25.1558094024658203125 19.6260013580322265625 0 0 1 0 0.999999940395355224609375 0 -1 0 0 x933c01.dat
1 47 303.99371337890625 -108.7266082763671875 39.8239593505859375 0 0.27218115329742431640625 0.962246119976043701171875 0 -0.96224606037139892578125 0.27218115329742431640625 1.00000011920928955078125 0 0 x933c01.dat
1 47 242.0829010009765625 -225.750823974609375 96.699951171875 0.96382963657379150390625 0 -0.2665195465087890625 0.2665195465087890625 0 0.963829576969146728515625 0 -1.00000011920928955078125 0 x933c01.dat
1 71 138.00482177734375 -152.42535400390625 119.999908447265625 0 -0.761870443820953369140625 0.647729694843292236328125 0 0.6477298736572265625 0.76187038421630859375 -1.00000011920928955078125 0 0 32054.dat
1 71 168.0342864990234375 -67.700958251953125 119.99999237060546875 0.761870205402374267578125 0 -0.6477298736572265625 -0.6477298736572265625 0 -0.76187026500701904296875 0 1.00000011920928955078125 0 32348.dat
1 0 129.0731353759765625 -113.88269805908203125 130 0 -0.95668184757232666015625 0.2911355793476104736328125 0 -0.291135489940643310546875 -0.95668184757232666015625 1.00000011920928955078125 0 0 2780.dat
1 0 155.614044189453125 -83.7379302978515625 130 0 0.30680048465728759765625 0.9517738819122314453125 0 -0.951773822307586669921875 0.30680048465728759765625 1 0 0 2780.dat
1 71 133.587615966796875 -132.9192352294921875 119.99993133544921875 0 -0.761870443820953369140625 0.647729694843292236328125 0 0.6477298736572265625 0.76187038421630859375 -1.00000011920928955078125 0 0 32054.dat
1 71 138.126495361328125 -152.318878173828125 -79.9999847412109375 0 -0.4071458280086517333984375 -0.913363277912139892578125 0 0.913363277912139892578125 -0.407145798206329345703125 1.00000011920928955078125 0 0 32054.dat
1 0 259.354339599609375 -139.029876708984375 -70.000091552734375 0 0 1 0 1 0 -1 0 0 2780.dat
1 71 240.077545166015625 -144.86004638671875 -79.375091552734375 0 0.963832557201385498046875 0.26650869846343994140625 0 0.2665086686611175537109375 -0.963832557201385498046875 -1 0 0 48989.dat
1 0 220.8009185791015625 -149.690216064453125 -70.00008392333984375 0 0 1 0 1 0 -1 0 0 2780.dat
1 71 270.0146484375 -178.082305908203125 59.9998931884765625 0.963829517364501953125 -0.2665195167064666748046875 0 0.2665195167064666748046875 0.963829517364501953125 0 0 0 1 55615.dat
1 71 270.148101806640625 -178.5649261474609375 39.999908447265625 -0.963829457759857177734375 0 0.2665197551250457763671875 -0.2665197849273681640625 0 -0.963829517364501953125 0 -1.00000011920928955078125 0 60484.dat
1 151 265.16644287109375 -158.6731719970703125 19.9999217987060546875 -0.9638297557830810546875 0.266518771648406982421875 0 -0.266518771648406982421875 -0.9638297557830810546875 0 0 0 1 32525.dat
1 71 270.014862060546875 -178.0830078125 -20.00009918212890625 -0.963829517364501953125 -0.2665195167064666748046875 0 -0.2665195167064666748046875 0.963829517364501953125 0 0 0 -1 55615.dat
1 71 270.148101806640625 -178.5649261474609375 -8.642673492431640625E-05 -0.963829457759857177734375 0 0.2665197551250457763671875 -0.2665197551250457763671875 0 -0.96382939815521240234375 0 -1 0 60484.dat
1 71 240.0764007568359375 -144.8615875244140625 120.624908447265625 0 -0.96381652355194091796875 -0.266566753387451171875 0 -0.2665666043758392333984375 0.963816583156585693359375 -1.00000011920928955078125 0 0 48989.dat
1 0 220.7937469482421875 -149.692169189453125 109.99991607666015625 0 0 1 0 1 0 -1 0 0 2780.dat
1 0 259.290802001953125 -138.802825927734375 109.99991607666015625 0 0 1 0 1 0 -1 0 0 2780.dat
1 1 261.26556396484375 -221.483917236328125 59.999965667724609375 0.963829517364501953125 -0.2665195167064666748046875 0 0.2665195167064666748046875 0.963829517364501953125 0 0 0 1 6558.dat
1 72 272.05963134765625 -260.51898193359375 59.499965667724609375 0 0.963829517364501953125 -0.2665195465087890625 0 0.2665196359157562255859375 0.963829576969146728515625 1 0 0 32526.dat
1 0 260.243072509765625 -180.26556396484375 99.999908447265625 -0.963829517364501953125 -0.2665195167064666748046875 0 -0.2665195167064666748046875 0.963829517364501953125 0 0 0 -1 2780.dat
1 0 260.243072509765625 -180.2655487060546875 59.999950408935546875 -0.963829517364501953125 -0.2665195167064666748046875 0 -0.2665195167064666748046875 0.963829517364501953125 0 0 0 -1 2780.dat
1 0 262.288055419921875 -262.7022705078125 59.999973297119140625 -0.963829517364501953125 -0.2665195167064666748046875 0 -0.2665195167064666748046875 0.963829517364501953125 0 0 0 -1 2780.dat
1 151 247.45263671875 -246.5727996826171875 59.999965667724609375 0.96382963657379150390625 0 -0.2665195465087890625 0.2665195465087890625 0 0.963829576969146728515625 0 -1.00000011920928955078125 0 53793.dat
1 1 261.26580810546875 -221.4846649169921875 19.9999027252197265625 0 -0.2665195465087890625 0.963829576969146728515625 0 0.96382963657379150390625 0.2665195465087890625 -1.00000011920928955078125 0 0 6558.dat
1 151 280.6756591796875 -216.6361846923828125 19.9999179840087890625 0 -0.2665195465087890625 -0.963829576969146728515625 0 0.96382963657379150390625 -0.2665195465087890625 1.00000011920928955078125 0 0 53792.dat
1 1 299.8189697265625 -210.8238677978515625 19.9999027252197265625 0 -0.2665195465087890625 0.963829576969146728515625 0 0.96382963657379150390625 0.2665195465087890625 -1.00000011920928955078125 0 0 6558.dat
1 0 129.157012939453125 -113.429595947265625 -89.99997711181640625 0 -0.76117432117462158203125 -0.648547470569610595703125 0 0.64854753017425537109375 -0.761174380779266357421875 1.00000011920928955078125 0 0 2780.dat
1 0 39.9998779296875 31.0442028045654296875 0 1 0 0 0 -1 0 0 0 -1 2780.dat
1 72 29.99987030029296875 31.0442028045654296875 19.999988555908203125 0 -1 0 1 0 0 0 0 0.999999940395355224609375 32523.dat
1 1 -130.0001678466796875 12.04419994354248046875 20.000011444091796875 0 0 -1 0 0.999999940395355224609375 0 1 0 0 6558.dat
1 151 -50.000171661376953125 12.04420566558837890625 0 0 0 -1.00000011920928955078125 -1.00000011920928955078125 0 0 0 1.00000011920928955078125 0 40490.dat
1 71 -10.000148773193359375 10.91919803619384765625 19.99997711181640625 0 0.999999940395355224609375 0 0.999999940395355224609375 0 0 0 0 -1 48989.dat
1 151 -50.000125885009765625 12.0442066192626953125 39.999980926513671875 0 0 -1.00000011920928955078125 -1.00000011920928955078125 0 0 0 1.00000011920928955078125 0 40490.dat
1 71 9.9998683929443359375 31.5442028045654296875 19.999980926513671875 0 1 0 0 0 1 1 0 0 55615.dat
1 1 -90.000152587890625 12.0442028045654296875 19.9999866485595703125 0 0 -1 0 0.999999940395355224609375 0 1 0 0 6558.dat
1 151 -110.00016021728515625 11.544200897216796875 19.999996185302734375 0 0 1 0 0.999999940395355224609375 0 -1 0 0 53793.dat
1 0 190.015106201171875 -7.173263072967529296875 130.000030517578125 0 0 1 0 1 0 -1 0 0 2780.dat
1 0 90 52.04449462890625 129.999969482421875 0 0 1 0 1 0 -1 0 0 2780.dat
1 72 110.0000152587890625 52.044506072998046875 139.9999542236328125 0 0 -1 -0.999999940395355224609375 0 0 0 0.999999940395355224609375 0 32526.dat
1 0 110 52.044445037841796875 129.999969482421875 0 0 1 0 1 0 -1 0 0 2780.dat
1 72 29.99999237060546875 31.5447864532470703125 130 0 0 -1.00000011920928955078125 0 -1 0 -1.00000011920928955078125 0 0 55013.dat
1 71 29.99999237060546875 31.544750213623046875 179.9999542236328125 0 1 0 -1 0 0 0 0 0.999999940395355224609375 56145.dat
1 71 29.9999828338623046875 32.04471588134765625 154.9999542236328125 1 0 0 0 1 0 0 0 1 32123.dat
1 71 29.999988555908203125 32.044750213623046875 189.999969482421875 -1 0 0 0 1 0 0 0 -1 3713.dat
1 72 110.0000152587890625 52.044391632080078125 59.99996185302734375 0 0 -1 -0.999999940395355224609375 0 0 0 0.999999940395355224609375 0 32526.dat
1 0 110 52.044368743896484375 69.9999542236328125 0 0 1 0 1 0 -1 0 0 2780.dat
1 0 90 52.044414520263671875 69.9999542236328125 0 0 1 0 1 0 -1 0 0 2780.dat
1 1 409.99993896484375 32.04369354248046875 -40.000026702880859375 0 0 -1 0 0.999999940395355224609375 0 1 0 0 6558.dat
1 71 429.99993896484375 32.04369354248046875 -40.000034332275390625 0 0 -1.00000011920928955078125 -1.00000011920928955078125 0 0 0 1.00000011920928955078125 0 32316.dat
1 0 390 32.043697357177734375 -10.000019073486328125 0 0 1 0 1 0 -1 0 0 2780.dat
1 1 450 32.043697357177734375 -80.00003814697265625 0 0 -1 0 0.999999940395355224609375 0 1 0 0 6558.dat
1 71 429.9998779296875 32.043697357177734375 -80.0000457763671875 0 0 -1.00000011920928955078125 -1.00000011920928955078125 0 0 0 1.00000011920928955078125 0 32316.dat
1 1 430.000030517578125 32.043697357177734375 -80.00003814697265625 0 0 -1 0 0.999999940395355224609375 0 1 0 0 6558.dat
1 71 429.99993896484375 32.04369354248046875 -60.0000152587890625 0 0 -1.00000011920928955078125 -1.00000011920928955078125 0 0 0 1.00000011920928955078125 0 32316.dat
1 1 469.999969482421875 32.04369354248046875 -40.000026702880859375 0 0 -1 0 0.999999940395355224609375 0 1 0 0 6558.dat
1 1 410.000030517578125 32.043704986572265625 80 0 0 -1 0 0.999999940395355224609375 0 1 0 0 6558.dat
1 71 429.999969482421875 32.043701171875 79.99999237060546875 0 0 -1.00000011920928955078125 -1.00000011920928955078125 0 0 0 1.00000011920928955078125 0 32316.dat
1 1 469.999969482421875 32.043697357177734375 80 0 0 -1 0 0.999999940395355224609375 0 1 0 0 6558.dat
1 71 429.999969482421875 32.043704986572265625 100 0 0 -1.00000011920928955078125 -1.00000011920928955078125 0 0 0 1.00000011920928955078125 0 32316.dat
1 1 430.000030517578125 32.043704986572265625 119.9999847412109375 0 0 -1 0 0.999999940395355224609375 0 1 0 0 6558.dat
1 1 450 32.043704986572265625 119.9999847412109375 0 0 -1 0 0.999999940395355224609375 0 1 0 0 6558.dat
1 71 429.999969482421875 32.043701171875 120.00000762939453125 0 0 -1.00000011920928955078125 -1.00000011920928955078125 0 0 0 1.00000011920928955078125 0 32316.dat
